
 ../data/olivine.1500K    
 ../data/enstatite.PT     

  sum xvol =   1.00000000000000     

 olivine initial
 
   0.2720E+03   0.5600E+02   0.6000E+02   0.0000E+00   0.0000E+00   0.0000E+00
   0.5600E+02   0.1600E+03   0.6600E+02   0.0000E+00   0.0000E+00   0.0000E+00
   0.6000E+02   0.6600E+02   0.1920E+03   0.0000E+00   0.0000E+00   0.0000E+00
   0.0000E+00   0.0000E+00   0.0000E+00   0.4900E+02   0.0000E+00   0.0000E+00
   0.0000E+00   0.0000E+00   0.0000E+00   0.0000E+00   0.6200E+02   0.0000E+00
   0.0000E+00   0.0000E+00   0.0000E+00   0.0000E+00   0.0000E+00   0.6000E+02
 
 enstatite initial
 
   0.2250E+03   0.7200E+02   0.5400E+02   0.0000E+00   0.0000E+00   0.0000E+00
   0.7200E+02   0.1780E+03   0.5300E+02   0.0000E+00   0.0000E+00   0.0000E+00
   0.5400E+02   0.5300E+02   0.2140E+03   0.0000E+00   0.0000E+00   0.0000E+00
   0.0000E+00   0.0000E+00   0.0000E+00   0.7800E+02   0.0000E+00   0.0000E+00
   0.0000E+00   0.0000E+00   0.0000E+00   0.0000E+00   0.7600E+02   0.0000E+00
   0.0000E+00   0.0000E+00   0.0000E+00   0.0000E+00   0.0000E+00   0.8200E+02
 
  Euler angles psi theta phi
  olivine 0D0 0D0 0D0
  enstatite 0D0 0D0 0D0

  Voigt average
 
   0.2579E+03   0.6080E+02   0.5820E+02   0.0000E+00   0.0000E+00   0.0000E+00
   0.6080E+02   0.1654E+03   0.6210E+02   0.0000E+00   0.0000E+00   0.0000E+00
   0.5820E+02   0.6210E+02   0.1986E+03   0.0000E+00   0.0000E+00   0.0000E+00
   0.0000E+00   0.0000E+00   0.0000E+00   0.5770E+02   0.0000E+00   0.0000E+00
   0.0000E+00   0.0000E+00   0.0000E+00   0.0000E+00   0.6620E+02   0.0000E+00
   0.0000E+00   0.0000E+00   0.0000E+00   0.0000E+00   0.0000E+00   0.6660E+02
 
 
  STABILITY -  Kelvin eigenvalues
 
   0.3359E+03   0.1701E+03   0.1332E+03   0.1324E+03   0.1159E+03   0.1154E+03
 
  DECOMPOSITION 
  ANISOTROPIC PERCENTAGE =   15.7987623413349     
  HEXAGONAL PERCENTAGE =   10.5177613617306     
 
  END PROGRAM OK
 
