          0   298.000     0.000   121.701    78.504    13.399     0.533    12.769     0.097      0.000      0.000	 -0.15395   -0.07431   -0.26294
          4   389.636     0.056   120.263    77.457    13.486     0.607    12.820     0.058      0.000      0.000	 -0.15437   -0.07401   -0.26631
          8   481.273     0.158   119.140    76.500    13.571     0.704    12.833     0.033      0.000      0.000	 -0.15483   -0.07372   -0.26940
         12   565.424     0.260   118.165    75.638    13.650     0.809    12.823     0.018      0.000      0.000	 -0.15527   -0.07344   -0.27222
         16   627.119     0.365   117.660    75.065    13.706     0.890    12.804     0.012      0.000      0.000	 -0.15561   -0.07325   -0.27408
         20   688.814     0.479   117.211    74.508    13.761     0.975    12.778     0.007      0.000      0.000	 -0.15597   -0.07305   -0.27590
         24   750.508     0.593   116.762    73.951    13.818     1.065    12.749     0.004      0.000      0.000	 -0.15633   -0.07285   -0.27772
         28   812.203     0.724   116.436    73.429    13.873     1.156    12.715     0.002      0.000      0.000	 -0.15671   -0.07266   -0.27942
         32   873.898     0.857   116.122    72.909    13.929     1.249    12.678     0.001      0.000      0.000	 -0.15709   -0.07246   -0.28111
         36   935.593     0.991   115.807    72.389    13.985     1.345    12.640     0.000      0.000      0.000	 -0.15746   -0.07227   -0.28281
         40   997.288     1.124   115.492    71.869    14.043     1.443    12.600     0.000      0.000      0.000	 -0.15784   -0.07207   -0.28451
         44  1058.983     1.257   115.176    71.348    14.102     1.544    12.558     0.000      0.000      0.000	 -0.15822   -0.07187   -0.28621
         48  1120.678     1.390   114.859    70.826    14.162     1.646    12.516     0.000      0.000      0.000	 -0.15860   -0.07168   -0.28792
         52  1182.373     1.523   114.542    70.304    14.223     1.750    12.472     0.000      0.000      0.000	 -0.15897   -0.07148   -0.28963
         56  1244.068     1.656   114.225    69.781    14.285     1.855    12.428     0.001      0.000      0.000	 -0.15935   -0.07128   -0.29134
         60  1305.763     1.789   113.908    69.258    14.348     1.962    12.384     0.002      0.000      0.000	 -0.15973   -0.07109   -0.29305
         64  1367.458     1.922   113.590    68.734    14.412     2.071    12.338     0.002      0.000      0.000	 -0.16010   -0.07089   -0.29477
         68  1429.153     2.055   113.272    68.210    14.477     2.181    12.293     0.003      0.000      0.000	 -0.16048   -0.07069   -0.29649
         72  1468.485     2.188   113.402    67.971    14.507     2.242    12.263     0.003      0.000      0.000	 -0.16076   -0.07058   -0.29719
         76  1485.455     2.321   113.982    68.017    14.503     2.253    12.248     0.002      0.000      0.000	 -0.16096   -0.07054   -0.29687
         80  1502.424     2.454   114.562    68.063    14.498     2.264    12.233     0.001      0.000      0.000	 -0.16115   -0.07051   -0.29655
         84  1519.394     2.588   115.143    68.110    14.494     2.275    12.218     0.000      0.000      0.000	 -0.16134   -0.07048   -0.29622
         88  1536.364     2.721   115.720    68.156    14.489     2.286    12.203     0.000      0.000      0.000	 -0.16152   -0.07044   -0.29590
         92  1553.333     2.854   116.296    68.202    14.485     2.297    12.187     0.000      0.000      0.000	 -0.16170   -0.07041   -0.29557
         96  1570.303     2.987   116.871    68.247    14.480     2.308    12.172     0.000      0.000      0.000	 -0.16188   -0.07038   -0.29525
        100  1587.273     3.120   117.446    68.293    14.476     2.320    12.156     0.000      0.000      0.000	 -0.16205   -0.07034   -0.29492
        104  1604.242     3.253   118.020    68.339    14.472     2.331    12.141     0.001      0.000      0.000	 -0.16222   -0.07031   -0.29459
        108  1621.212     3.386   118.593    68.384    14.468     2.342    12.125     0.002      0.000      0.000	 -0.16239   -0.07028   -0.29427
        112  1638.182     3.519   119.165    68.429    14.464     2.353    12.109     0.003      0.000      0.000	 -0.16255   -0.07024   -0.29394
        116  1655.152     3.652   119.737    68.475    14.460     2.364    12.093     0.004      0.000      0.000	 -0.16271   -0.07021   -0.29360
        120  1670.000     3.785   120.351    68.547    14.453     2.370    12.078     0.005      0.000      0.000	 -0.16286   -0.07019   -0.29318
        124  1676.364     3.918   121.131    68.728    14.433     2.358    12.068     0.007      0.000      0.000	 -0.16296   -0.07019   -0.29238
        128  1683.636     4.051   121.893    68.897    14.416     2.349    12.057     0.010      0.000      0.000	 -0.16307   -0.07020   -0.29163
        132  1690.909     4.184   122.653    69.066    14.398     2.339    12.046     0.013      0.000      0.000	 -0.16316   -0.07020   -0.29088
        136  1698.182     4.317   123.412    69.235    14.381     2.330    12.035     0.016      0.000      0.000	 -0.16326   -0.07020   -0.29014
        140  1705.455     4.450   124.171    69.404    14.364     2.321    12.023     0.019      0.000      0.000	 -0.16335   -0.07020   -0.28939
        144  1712.727     4.583   124.928    69.573    14.347     2.312    12.012     0.023      0.000      0.000	 -0.16344   -0.07020   -0.28865
        148  1720.000     4.716   125.685    69.742    14.331     2.304    12.000     0.028      0.000      0.000	 -0.16352   -0.07021   -0.28791
        152  1727.273     4.849   126.440    69.910    14.315     2.295    11.987     0.032      0.000      0.000	 -0.16360   -0.07021   -0.28718
        156  1734.545     4.982   127.195    70.079    14.299     2.287    11.975     0.037      0.000      0.000	 -0.16368   -0.07021   -0.28644
        160  1741.818     5.115   127.949    70.247    14.283     2.279    11.962     0.042      0.000      0.000	 -0.16375   -0.07021   -0.28571
        164  1749.091     5.248   128.701    70.416    14.268     2.271    11.949     0.048      0.000      0.000	 -0.16382   -0.07021   -0.28499
        168  1756.364     5.381   129.453    70.584    14.253     2.263    11.936     0.053      0.000      0.000	 -0.16389   -0.07022   -0.28426
        172  1763.152     5.514   130.214    70.759    14.237     2.255    11.923     0.060      0.000      0.000	 -0.16395   -0.07022   -0.28352
        176  1769.455     5.647   130.983    70.940    14.221     2.245    11.910     0.066      0.000      0.000	 -0.16400   -0.07022   -0.28276
        180  1775.758     5.780   131.752    71.120    14.205     2.236    11.896     0.073      0.000      0.000	 -0.16406   -0.07023   -0.28201
        184  1782.061     5.913   132.520    71.301    14.190     2.228    11.882     0.080      0.000      0.000	 -0.16411   -0.07023   -0.28126
        188  1788.364     6.046   133.286    71.482    14.175     2.219    11.869     0.088      0.000      0.000	 -0.16416   -0.07024   -0.28051
        192  1794.667     6.179   134.053    71.662    14.160     2.210    11.854     0.095      0.000      0.000	 -0.16420   -0.07024   -0.27977
        196  1800.970     6.313   134.818    71.843    14.145     2.202    11.840     0.103      0.000      0.000	 -0.16424   -0.07025   -0.27903
        200  1807.273     6.446   135.583    72.023    14.131     2.194    11.826     0.111      0.000      0.000	 -0.16428   -0.07025   -0.27829
        204  1813.576     6.579   136.346    72.203    14.117     2.186    11.811     0.120      0.000      0.000	 -0.16432   -0.07026   -0.27756
        208  1819.879     6.712   137.110    72.384    14.103     2.179    11.796     0.128      0.000      0.000	 -0.16435   -0.07026   -0.27682
        212  1826.182     6.845   137.872    72.564    14.089     2.171    11.781     0.137      0.000      0.000	 -0.16439   -0.07027   -0.27610
        216  1832.485     6.978   138.634    72.744    14.076     2.164    11.766     0.146      0.000      0.000	 -0.16442   -0.07027   -0.27537
        220  1838.000     7.111   139.412    72.935    14.061     2.155    11.750     0.156      0.000      0.000	 -0.16444   -0.07028   -0.27462
        224  1843.091     7.248   140.223    73.138    14.046     2.146    11.735     0.166      0.000      0.000	 -0.16446   -0.07029   -0.27383
        228  1848.909     7.385   141.016    73.332    14.033     2.138    11.719     0.176      0.000      0.000	 -0.16448   -0.07030   -0.27307
        232  1854.727     7.522   141.809    73.525    14.019     2.130    11.702     0.187      0.000      0.000	 -0.16450   -0.07030   -0.27232
        236  1860.545     7.658   142.601    73.718    14.005     2.122    11.686     0.197      0.000      0.000	 -0.16452   -0.07031   -0.27157
        240  1866.364     7.795   143.393    73.912    13.992     2.115    11.669     0.208      0.000      0.000	 -0.16453   -0.07032   -0.27082
        244  1872.182     7.932   144.184    74.105    13.979     2.108    11.653     0.219      0.000      0.000	 -0.16455   -0.07032   -0.27008
        248  1878.000     8.069   144.974    74.298    13.967     2.101    11.636     0.230      0.000      0.000	 -0.16456   -0.07033   -0.26934
        252  1883.818     8.205   145.764    74.491    13.954     2.094    11.619     0.241      0.000      0.000	 -0.16457   -0.07034   -0.26860
        256  1889.636     8.342   146.553    74.684    13.942     2.088    11.602     0.253      0.000      0.000	 -0.16458   -0.07034   -0.26787
        260  1895.455     8.479   147.342    74.877    13.930     2.081    11.584     0.264      0.000      0.000	 -0.16458   -0.07035   -0.26715
        264  1901.273     8.616   148.129    75.070    13.918     2.075    11.567     0.276      0.000      0.000	 -0.16459   -0.07035   -0.26642
        268  1907.091     8.753   148.923    75.265    13.906     2.069    11.549     0.288      0.000      0.000	 -0.16459   -0.07036   -0.26570
        272  1912.600     8.891   149.725    75.465    13.894     2.063    11.532     0.300      0.000      0.000	 -0.16459   -0.07037   -0.26496
        276  1917.800     9.029   150.531    75.668    13.882     2.056    11.514     0.313      0.000      0.000	 -0.16458   -0.07038   -0.26422
        280  1923.000     9.167   151.338    75.871    13.870     2.049    11.496     0.325      0.000      0.000	 -0.16458   -0.07038   -0.26348
        284  1928.200     9.305   152.143    76.075    13.859     2.043    11.478     0.338      0.000      0.000	 -0.16457   -0.07039   -0.26274
        288  1933.400     9.443   152.948    76.278    13.847     2.037    11.460     0.350      0.000      0.000	 -0.16456   -0.07040   -0.26201
        292  1938.600     9.582   153.753    76.481    13.836     2.031    11.442     0.363      0.000      0.000	 -0.16455   -0.07041   -0.26128
        296  1943.800     9.720   154.557    76.684    13.825     2.026    11.423     0.376      0.000      0.000	 -0.16454   -0.07041   -0.26056
        300  1949.000     9.858   155.361    76.887    13.815     2.020    11.405     0.389      0.000      0.000	 -0.16453   -0.07042   -0.25984
        304  1954.200     9.996   156.164    77.090    13.804     2.015    11.387     0.402      0.000      0.000	 -0.16452   -0.07043   -0.25912
        308  1959.400    10.134   156.967    77.293    13.794     2.010    11.368     0.415      0.000      0.000	 -0.16450   -0.07044   -0.25841
        312  1964.600    10.272   157.773    77.497    13.783     2.005    11.350     0.429      0.000      0.000	 -0.16449   -0.07044   -0.25770
        316  1969.800    10.412   158.583    77.703    13.773     2.000    11.331     0.442      0.000      0.000	 -0.16447   -0.07045   -0.25699
        320  1975.000    10.551   159.393    77.908    13.763     1.996    11.312     0.455      0.000      0.000	 -0.16445   -0.07046   -0.25628
        324  1979.880    10.690   160.208    78.118    13.753     1.991    11.293     0.469      0.000      0.000	 -0.16443   -0.07047   -0.25556
        328  1984.760    10.830   161.023    78.327    13.743     1.986    11.275     0.482      0.000      0.000	 -0.16441   -0.07048   -0.25485
        332  1989.640    10.969   161.837    78.536    13.734     1.982    11.256     0.496      0.000      0.000	 -0.16438   -0.07048   -0.25414
        336  1994.520    11.108   162.652    78.746    13.724     1.978    11.237     0.510      0.000      0.000	 -0.16436   -0.07049   -0.25344
        340  1999.400    11.248   163.465    78.955    13.715     1.974    11.218     0.523      0.000      0.000	 -0.16434   -0.07050   -0.25274
        344  2004.280    11.387   164.278    79.164    13.706     1.970    11.199     0.537      0.000      0.000	 -0.16431   -0.07051   -0.25204
        348  2009.160    11.526   165.091    79.373    13.697     1.966    11.180     0.551      0.000      0.000	 -0.16428   -0.07052   -0.25135
        352  2014.040    11.666   165.903    79.583    13.688     1.962    11.161     0.564      0.000      0.000	 -0.16425   -0.07052   -0.25066
        356  2018.920    11.805   166.717    79.792    13.679     1.959    11.142     0.578      0.000      0.000	 -0.16423   -0.07053   -0.24997
        360  2023.800    11.946   167.537    80.004    13.671     1.956    11.123     0.592      0.000      0.000	 -0.16420   -0.07054   -0.24929
        364  2028.680    12.087   168.357    80.216    13.662     1.953    11.104     0.605      0.000      0.000	 -0.16417   -0.07055   -0.24860
        368  2033.560    12.227   169.176    80.427    13.654     1.950    11.085     0.619      0.000      0.000	 -0.16413   -0.07055   -0.24792
        372  2037.980    12.368   170.003    80.644    13.646     1.947    11.066     0.633      0.000      0.000	 -0.16410   -0.07056   -0.24723
        376  2041.939    12.508   170.839    80.868    13.637     1.943    11.047     0.647      0.000      0.000	 -0.16406   -0.07057   -0.24653
        380  2045.899    12.649   171.675    81.091    13.629     1.940    11.028     0.661      0.000      0.000	 -0.16402   -0.07058   -0.24583
        384  2049.859    12.790   172.510    81.314    13.620     1.936    11.009     0.675      0.000      0.000	 -0.16398   -0.07059   -0.24513
        388  2053.818    12.930   173.344    81.537    13.612     1.933    10.990     0.689      0.000      0.000	 -0.16394   -0.07060   -0.24444
        392  2057.778    13.071   174.179    81.760    13.604     1.931    10.971     0.703      0.000      0.000	 -0.16390   -0.07061   -0.24376
        396  2061.737    13.211   175.013    81.983    13.597     1.928    10.952     0.717      0.000      0.000	 -0.16386   -0.07062   -0.24307
        400  2065.697    13.352   175.848    82.207    13.589     1.925    10.933     0.731      0.000      0.000	 -0.16382   -0.07063   -0.24239
        404  2069.657    13.502   176.743    82.448    13.581     1.923    10.913     0.746      0.000      0.000	 -0.16377   -0.07064   -0.24166
        408  2073.616    13.652   177.635    82.689    13.573     1.920    10.892     0.760      0.000      0.000	 -0.16372   -0.07065   -0.24094
