    419.688     1.73363    -3.65801     8.48636 
    418.461     1.82999    -3.86147     8.96631 
    416.667     1.98059    -4.17983     9.71705 
    414.872     2.14322    -4.52395     1.05286 
    413.646     2.26166    -4.77465       1.112 
    413.021     2.32454    -4.90758     1.14344 
    411.795     2.45275    -5.17852     1.20764 
        410     2.65299    -5.60213       1.308 
    408.205      2.8691    -6.05959     1.41642 
    406.979     3.02639    -6.39259     1.49539 
    406.354     3.10984    -6.56906     1.53733 
    405.127     3.27989    -6.92857     1.62294 
    403.333     3.54531    -7.49035     1.75672 
    401.539     3.83155    -8.09664     1.90115 
    400.312     4.03978    -8.53777      2.0063 
    399.719     3.96455    -8.96884      2.4674 
    398.615     4.23891    -9.53029     2.56069 
        397     4.65949    -1.03905     2.70757 
    395.385     5.10345    -1.12979     2.86734 
    394.281     5.42071    -1.19456     2.98428 
    393.719     5.58719    -1.22851     3.04653 
    392.616     5.92268    -1.29692     3.17369 
        391     6.43699    -1.40183     3.37265 
    389.385     6.98011    -1.51263     3.58766 
    388.282     7.36846    -1.59183     3.74423 
    387.719     7.57233    -1.63335     3.82729 
    386.616     7.98338    -1.71707     3.99648 
        385     8.61407    -1.84571     4.26033 
    383.384     9.28089    -1.98188     4.54444 
    382.281      9.7582    -2.07941     4.75076 
    381.718     1.00089    -2.13061     4.86004 
    380.615     1.05148     -2.2339     5.08221 
        379     1.12918     -2.3927     5.42768 
    377.384     1.21144    -2.56091     5.79843 
    376.281     1.27038    -2.68145     6.06696 
    375.719     1.30137    -2.74479     6.20903 
    374.615     1.36391    -2.87277     6.49767 
        373     1.46009    -3.06971     6.94569 
    371.385     1.56201    -3.27854     7.42552 
    370.281     1.63511    -3.42833     7.77249 
    369.719     1.67355    -3.50709     7.95588 
    368.616      1.7512    -3.66629     8.32816 
        367     1.87069    -3.91146     8.90521 
    365.385     1.99743    -4.17165     9.52229 
    364.282     2.08839    -4.35838     9.96795 
    363.719     2.13624    -4.45654     1.02032 
    362.616     2.23293    -4.65491     1.06804 
        361     2.38179    -4.96079     1.14196 
    359.384     2.53978    -5.28585     1.22095 
    358.281     2.65322     -5.5194     1.27796 
    357.718     2.71291    -5.64225     1.30805 
    356.615     2.83356     -5.8905     1.36903 
        355     3.01936    -6.27311     1.46337 
    353.384     3.21664     -6.6795     1.56404 
    352.281     3.35831    -6.97133     1.63662 
    351.719     3.43287    -7.12491     1.67491 
    350.615     3.58358    -7.43554     1.75251 
        349     3.81574    -7.91433     1.87248 
    347.385     4.06227    -8.42292      2.0004 
    346.281     4.23933    -8.78817     2.09255 
    345.719     4.33252    -8.98041     2.14115 
    344.616      4.5209    -9.36921     2.23961 
        343     4.81108    -9.96849     2.39173 
    341.385     5.11922    -1.06051      2.5538 
    340.282     5.34053    -1.10622      2.6705 
    339.719     5.45701    -1.13026       2.732 
    338.616     5.69245    -1.17886     2.85652 
        337     6.05509    -1.25381     3.04887 
    335.384     6.44014    -1.33349     3.25378 
    334.281     6.71666    -1.39074      3.4013 
    333.718     6.86218    -1.42086     3.47903 
    332.615      7.1563    -1.48173     3.63634 
        331     7.60926    -1.57552     3.87915 
    329.384     8.09011     -1.6751     4.13754 
    328.281     8.43536    -1.74659     4.32342 
    327.719     8.61702    -1.78421     4.42135 
    326.615     8.98416    -1.86028     4.61955 
        325     9.54945    -1.97747     4.92534 
    323.385     1.01494    -2.10187     5.25058 
    322.281       1.058    -2.19115     5.48444 
    321.719     1.08066    -2.23813     5.60762 
    320.616     1.12644     -2.3331     5.85686 
        319     1.19691    -2.47936     6.24122 
    317.385     1.27167    -2.63457     6.64983 
    316.282     1.32532    -2.74594     6.94352 
    315.719     1.35354    -2.80447     7.09811 
    314.616     1.41055    -2.92273     7.41076 
        313     1.49827    -3.10496     7.89289 
    311.384     1.59131    -3.29843     8.40539 
    310.281     1.65805    -3.43732     8.77375 
    309.718     1.69315    -3.51033     8.96764 
    308.615     1.76404    -3.65778      9.3596 
        307      1.8731    -3.88472     9.96356 
    305.384      1.9887    -4.12534     0.10605 
    304.281     2.07161    -4.29788    0.110657 
    303.719     2.11519    -4.38861    0.113081 
    302.615     2.20321    -4.57192    0.117983 
        301     2.33856    -4.85394    0.125534 
    299.385     2.48197    -5.15285    0.133549 
    298.281     2.58476     -5.3671    0.139303 
    297.719      2.6388    -5.47974    0.142331 
    296.615     2.74789    -5.70726    0.148452 
        295     2.91557    -6.05716    0.157875 
    293.385     3.09314    -6.42783    0.167873 
    292.281     3.22038    -6.69342    0.175048 
    291.719     3.28725    -6.83301    0.178822 
    290.616      3.4222    -7.11491     0.18645 
        289     3.62954    -7.54825    0.198189 
    287.385     3.84901    -8.00708    0.210638 
    286.282      4.0062     -8.3357    0.219568 
    285.719     4.08878    -8.50824    0.224263 
    284.616     4.25541    -8.85641    0.233746 
        283     4.51129     -9.3918     0.24834 
    281.384     4.78199    -9.95892    0.263815 
    280.281     4.97577    -1.03652    0.274916 
    279.718     5.07756   -0.105786    0.280752 
    278.615     5.28286   -0.110089    0.292534 
        277     5.59798   -0.116698    0.310652 
    275.384     5.93116   -0.123687    0.329848 
    274.281     6.16954   -0.128689    0.343606 
    273.719      6.2947   -0.131316    0.350838 
    272.615     6.54709   -0.136616    0.365441 
        271      6.9343   -0.144752    0.387887 
    269.385     7.34343   -0.153352    0.411655 
    268.281       7.636   -0.159503    0.428682 
    267.719     7.78957   -0.162732    0.437631 
    266.616     8.09915   -0.169246    0.455695 
        265     8.57382   -0.179241    0.483446 
    263.385     9.07503   -0.189799    0.512817 
    262.282     9.43326   -0.197347    0.533849 
    261.719     9.62123   -0.201305    0.544895 
    260.616           1   -0.209282    0.567182 
        259    0.105804   -0.221524    0.601416 
    257.384    0.111929   -0.234461    0.637642 
    256.281    0.116303   -0.243712    0.663582 
    255.718    0.118598   -0.248563    0.677204 
    254.615     0.12322   -0.258335    0.704675 
        253    0.130299    -0.27331    0.746838 
    251.384    0.137763   -0.289109    0.791411 
    250.281    0.143091   -0.300391    0.823298 
    249.719    0.145884   -0.306308    0.840042 
    248.615    0.151509   -0.318232     0.87381 
        247    0.160118   -0.336494     0.92561 
    245.385    0.169188   -0.355746    0.980336 
    244.281    0.175659   -0.369486     1.01947 
    243.719     0.17905   -0.376689     1.04001 
    242.616    0.185875   -0.391199     1.08142 
        241    0.196314   -0.413408     1.14492 
    239.385    0.207302   -0.436803     1.21195 
    238.282    0.215135   -0.453489     1.25986 
    237.719    0.219239   -0.462225       1.285 
    236.616    0.227495   -0.479807     1.33564 
        235    0.240111   -0.506722     1.41326 
    233.384     0.25338   -0.535081     1.49519 
    232.281    0.262832    -0.55531     1.55373 
    231.718    0.267782   -0.565903     1.58444 
    230.615    0.277734   -0.587202     1.64627 
        229     0.29293   -0.619757     1.74097 
    227.384    0.308898   -0.653994     1.84081 
    226.281    0.320263   -0.678376     1.91208 
    225.719     0.32621   -0.691145     1.94945 
    224.615    0.338164   -0.716829     2.02472 
        223    0.356402   -0.756053      2.1399 
    221.385    0.375545   -0.797267     2.26125 
    220.281    0.389158   -0.826594     2.34782 
    219.714    0.389932   -0.947266     3.00121 
    218.595    0.413534   -0.997398     3.08382 
    216.957    0.448929    -1.07246     3.21287 
    215.318    0.485303    -1.14948     3.35191 
    214.199    0.510705    -1.20319     3.45282 
    213.627    0.523844    -1.23094     3.50622 
    212.508     0.54994    -1.28608     3.61459 
     210.87    0.588987    -1.36865     3.78249 
     209.23    0.629035    -1.45344     3.96178 
    208.111    0.656968    -1.51262     4.09103 
    207.541    0.671406    -1.54324     4.15917 
    206.421    0.700064    -1.60404     4.29692 
    204.783    0.742922    -1.69506     4.50901 
    203.145     0.78686    -1.78846     4.73393 
    202.026    0.817499    -1.85364     4.89519 
    201.455    0.833339    -1.88736     4.97998 
    200.335     0.86479    -1.95446     5.15107 
    198.696    0.911828    -2.05503     5.41356 
    197.057    0.960063     -2.1584     5.69082 
    195.938    0.993708    -2.23063     5.88897 
    195.367      1.0111      -2.268     5.99289 
    194.248     1.04563    -2.34228     6.20204 
    192.609     1.09728    -2.45372     6.52199 
     190.97     1.15027    -2.56838     6.85882 
    189.852     1.18724    -2.64858     7.09891 
     189.28     1.20636     -2.6901     7.22467 
    188.161     1.24433    -2.77268     7.47746 
    186.522     1.30116    -2.89658     7.86322 
    184.883     1.35947    -3.02409     8.26816 
    183.764     1.40016    -3.11328     8.55612 
    183.192      1.4212    -3.15949     8.70674 
    182.073     1.46297    -3.25141     9.00908 
    180.435     1.52549    -3.38929     9.46947 
    178.796     1.58962    -3.53113     9.95154 
    177.677     1.63437    -3.63032     10.2936 
    177.105     1.65751    -3.68165     10.4723 
    175.986     1.70344    -3.78374     10.8307 
    174.348     1.77215    -3.93701     11.3754 
    172.708      1.8426    -4.09484     11.9448 
    171.589     1.89173    -4.20529     12.3483 
    171.019     1.91712     -4.2625     12.5589 
    169.899      1.9675     -4.3762     12.9806 
    168.261     2.04281    -4.54651     13.6204 
    166.623     2.11994    -4.72141     14.2874 
    165.504     2.17367    -4.84352     14.7592 
    164.933     2.20143    -4.90674     15.0051 
    163.813     2.25648    -5.03252     15.4976 
    162.174     2.33867    -5.22089     16.2436 
    160.535     2.42271     -5.4143     17.0202 
    159.416     2.48118     -5.5493     17.5685 
    158.845     2.51134    -5.61907     17.8541 
    157.726     2.57108    -5.75754     18.4248 
    156.087     2.66012     -5.9647     19.2881 
    154.448     2.75096    -6.17713      20.185 
     153.33     2.81402    -6.32523     20.8174 
    152.758     2.84653    -6.40173     21.1465 
    151.639     2.91085    -6.55344     21.8039 
        150     3.00647     -6.7799     22.7964 
    148.361     3.10375    -7.01149     23.8256 
    147.242      3.1711    -7.17258       24.55 
     146.67     3.20574    -7.25564     24.9265 
    145.552     3.27415    -7.42005     25.6773 
    143.913     3.37553    -7.66499     26.8091 
    142.274     3.47827    -7.91484     27.9803 
    141.155     3.54914    -8.08824     28.8032 
    140.584     3.58553    -8.17755     29.2306 
    139.465     3.65724    -8.35406     30.0822 
    137.826     3.76309    -8.61613     31.3636 
    136.187      3.8698    -8.88233     32.6864 
    135.067     3.94308    -9.06641     33.6141 
    134.497     3.98057    -9.16113     34.0952 
    133.377     4.05421    -9.34802     35.0526 
    131.739     4.16233    -9.62411     36.4898 
    130.101     4.27058    -9.90282     37.9695 
    128.982     4.34445    -10.0945     39.0049 
    128.411     4.38211    -10.1927     39.5411 
    127.292     4.45578     -10.386     40.6071 
    125.652     4.56315    -10.6707     42.2037 
    124.014     4.66964    -10.9571     43.8434 
    122.895     4.74169    -11.1534     44.9882 
    122.323      4.7782    -11.2537     45.5802 
    121.204     4.84919    -11.4499     46.7545 
    119.565     4.95158    -11.7365     48.5085 
    117.927     5.05171    -12.0217     50.3032 
    116.808     5.11858    -12.2153     51.5525 
    116.236     5.15219    -12.3138     52.1974 
    115.117     5.21692    -12.5057     53.4747 
    113.478     5.30874    -12.7836     55.3761 
    111.839     5.39655    -13.0569     57.3141 
     110.72     5.45394    -13.2405     58.6586 
    110.148     5.48235    -13.3331      59.351 
     109.03     5.53618    -13.5118     60.7185 
    107.391      5.6103    -13.7669     62.7459 
    105.752     5.67822    -14.0133     64.8023 
    104.633     5.72072     -14.176     66.2229 
    104.062     5.74111    -14.2571     66.9528 
    102.943      5.7784    -14.4115     68.3906 
    101.304     5.82617    -14.6262     70.5113 
     99.665     5.86514    -14.8265     72.6489 
    98.5454     5.88631    -14.9542     74.1174 
    97.9746     5.89531    -15.0163     74.8691 
    96.8555     5.90929    -15.1312     76.3436 
    95.2173     5.92051    -15.2827     78.5039 
    93.5781     5.91998    -15.4131     80.6634 
    92.4595     5.91245    -15.4892     82.1363 
    91.8882     5.90628    -15.5238     82.8871 
     90.769     5.88943    -15.5822      84.352 
    89.1304     5.85291    -15.6438      86.479 
    87.4917     5.80157    -15.6757     88.5809 
    86.3726     5.75759    -15.6795     89.9999 
    85.8013     5.73227    -15.6757     90.7182 
    84.6821     5.67686    -15.6563     92.1092 
    83.0435     5.58143    -15.5964     94.1015 
    81.4048     5.46838    -15.4977     96.0365 
    80.2856     5.38075    -15.4072     97.3224 
    79.8135      5.3338    -15.1196     92.6554 
     79.083     5.24108    -14.9938     93.5176 
    78.0132     5.10026     -14.796     94.7407 
    76.9434     4.95337    -14.5815     95.9153 
    76.2124     4.84951    -14.4252     96.6886 
    75.8398     4.79541    -14.3421     97.0743 
    75.1094     4.68721    -14.1725     97.8099 
    74.0396     4.52354    -13.9088     98.8359 
    72.9697     4.35365    -13.6264     99.7992 
    72.2393     4.23411    -13.4226      100.42 
    71.8662     4.17202    -13.3151     100.725 
    71.1362     4.04825    -13.0966     101.298 
    70.0664     3.86207    -12.7583     102.075 
    68.9966     3.67025     -12.398     102.777 
    68.2666     3.53619    -12.1392     103.212 
    67.8936     3.46686    -12.0032      103.42 
    67.1631     3.32925     -11.729     103.795 
    66.0933     3.12392    -11.3079     104.267 
    65.0229     2.91454    -10.8638     104.648 
    64.2925     2.76958    -10.5473     104.854 
    63.9194     2.69508    -10.3817     104.942 
     63.189     2.54821     -10.049     105.076 
    62.1187     2.33157     -9.5419     105.183 
    61.0493     2.11398    -9.01176     105.181 
    60.3184     1.96544    -8.63683     105.115 
    59.9458     1.88981    -8.44164     105.061 
    59.2153     1.74225    -8.05137     104.911 
    58.1455     1.52848    -7.46117     104.587 
    57.0757     1.31895    -6.84988     104.138 
    56.3457     1.17925    -6.42104     103.759 
    55.9727     1.10927    -6.19878     103.542 
    55.2427    0.975121    -5.75672     103.069 
    54.1724    0.787181    -5.09502     102.253 
    53.1025    0.611624    -4.41805     101.291 
    52.3726    0.500298    -3.94812      100.55 
    51.9995    0.446532    -3.70614     100.147 
     51.269    0.347799    -3.22799     99.3021 
    50.1987    0.221076    -2.52053     97.9328 
    49.1289    0.118983    -1.80754     96.4065 
    48.3984       6.555    -1.31942     95.2747 
    48.0254     4.39229     -1.0705     94.6684 
    47.2954     1.35469   -0.583762     93.4203 
    46.2256     6.45357    0.123784     91.4533 
    45.1558     3.01915    0.820258     89.3234 
    44.4258     7.78179     1.28649     87.7771 
    44.0527    0.111488     1.52075     86.9587 
    43.3218    0.197204     1.97124     85.2925 
    42.2524    0.374003     2.60586     82.7089 
    41.1821    0.618718     3.20359     79.9603 
    40.4517    0.829177     3.58617     77.9922 
    40.0786    0.951209      3.7722     76.9619 
    39.3486     1.22094     4.11634     74.8864 
    38.2788     1.69488     4.56557     71.7074 
    37.2085      2.2724     4.93961      68.373 
    36.4785     2.73233     5.14558     66.0134 
    36.1055     2.98907     5.23354     64.7862 
     35.375     3.53808      5.3684      62.335 
    34.3052     4.45958     5.46754     58.6357 
    33.2349     5.53423     5.43516     54.8222 
    32.5044     6.36438     5.32853     52.1626 
    32.1313     6.82019     5.24542     50.7903 
    31.4009     7.78019     5.02078     48.0703 
    30.3306     9.35656     4.53135     44.0269 
    29.2607      11.154     3.83072     39.9369 
    28.5303     12.5199     3.21846     37.1326 
    28.1572     13.2628     2.86106     35.7007 
    27.4272     14.8139     2.06459     32.8958 
    26.3574     17.3281    0.650549     28.8157 
    25.2876     20.1557    -1.08618     24.8048 
    24.5576     22.2821    -2.47476     22.1279 
    24.3271     19.6927     7.91204     40.2086 
    24.1548     20.0527     7.73478     39.5458 
    23.9023      20.591     7.46566      38.564 
    23.6504     21.1428     7.18499     37.5698 
     23.478     21.5276     6.98654     36.8844 
    23.3896     21.7264     6.88289     36.5335 
    23.2178      22.121      6.6743     35.8535 
    22.9653      22.711     6.35629     34.8754 
    22.7129     23.3155     6.02299     33.9184 
     22.541     23.7367     5.78639     33.2767 
    22.4531     23.9544     5.66341     32.9431 
    22.2808     24.3863     5.41796     32.2781 
    22.0288     25.0317     5.04475     31.3228 
    21.7764     25.6928     4.65476     30.3892 
     21.604     26.1533      4.3786     29.7639 
    21.5161     26.3914     4.23442     29.4523 
    21.3438      26.864     3.94605     28.8439 
    21.0908     27.5697     3.51053     27.9344 
    20.8384     28.2923     3.05898     27.0046 
     20.666     28.7957     2.74125     26.3587 
    20.5776     29.0554     2.57608     26.0274 
    20.4058     29.5699     2.24576     25.3904 
    20.1538     30.3383     1.74593     24.4872 
    19.9023     31.1247     1.22656     23.6184 
      19.73     31.6722    0.860423     23.0444 
    19.6421     31.9552    0.669955     22.7571 
    19.4697     32.5171    0.289709     22.1899 
    19.2173     33.3557    -0.28403      21.344 
    18.9644     34.2137   -0.878262     20.4817 
     18.792      34.811    -1.29606     19.8845 
    18.7036     35.1191    -1.51303     19.5787 
    18.5317     35.7291    -1.94561      18.992 
    18.2798     36.6397    -2.59702     18.1633 
    18.0283      37.571    -3.27019     17.3696 
     17.856     38.2189     -3.7426     16.8472 
    17.7681     38.5536    -3.98822     16.5778 
    17.5957      39.218    -4.47873     16.0389 
    17.3433     40.2094    -5.21691     15.2627 
    17.0908     41.2229    -5.97914     14.5022 
    16.9185     41.9279    -6.51374     13.9921 
    16.8301     42.2916     -6.7905     13.7383 
    16.6577     43.0121    -7.34118     13.2485 
    16.4058     44.0866    -8.17038     12.5309 
    16.1533     45.1848    -9.02718     11.8143 
     15.981     45.9486    -9.62844     11.3264 
    15.8931     46.3427    -9.94061     11.0789 
    15.7207     47.1237    -10.5619     10.6037 
    15.4683     48.2884    -11.4931     9.93116 
    15.2163     49.4784    -12.4503     9.28584 
    15.0444     50.3056    -13.1191     8.86052 
    14.9438     45.4935    -6.32365     21.3574 
    14.7231     46.2899     -7.1344     20.6399 
    14.4004     47.4817    -8.35547     19.6087 
    14.0771     48.7042    -9.61758     18.6008 
    13.8564     49.5569    -10.5035     17.9261 
    13.7441     49.9978    -10.9622     17.5917 
    13.5234      50.873    -11.8751     16.9494 
    13.1997     52.1815    -13.2511     16.0115 
    12.8765     53.5227    -14.6746     15.0782 
    12.6562     54.4579    -15.6747     14.4445 
    12.5435     54.9412    -16.1928     14.1282 
    12.3228     55.9001    -17.2222     13.5272 
         12     57.3332     -18.769     12.6681 
    11.6768     58.8011    -20.3636     11.8343 
    11.4561     59.8238    -21.4804     11.2796 
    11.3438      60.352    -22.0593     11.0005 
     11.123        61.4    -23.2113     10.4619 
    10.7998     62.9653    -24.9403     9.69514 
    10.4766     64.5676    -26.7201     8.95479 
    10.2559     65.6832    -27.9653     8.46454 
    10.1435     66.2594    -28.6105     8.21867 
    9.92285     67.4018    -29.8939     7.74562 
     9.6001     69.1074     -31.818     7.07607 
    9.27686     70.8521    -33.7962     6.43432 
    9.05615     72.0662    -35.1787     6.01224 
    8.94385     72.6931    -35.8946     5.80154 
    8.72314     73.9356     -37.318     5.39788 
     8.3999     75.7896    -39.4502     4.83113 
    8.07666      77.685    -41.6402     4.29363 
    7.85596     79.0034    -43.1694      3.9436 
    7.74365     79.6838    -43.9607     3.76999 
    7.52295     81.0322    -45.5332      3.4398 
    7.19971      83.043    -47.8868     2.98198 
    6.87695     85.0976    -50.3019     2.55505 
    6.65625      86.526     -51.987     2.28149 
    6.54346      87.263    -52.8586     2.14729 
    6.32324     88.7231    -54.5898     1.89508 
          6     90.8994    -57.1785     1.55296 
    5.67676     93.1219     -59.832     1.24357 
    5.45605     94.6663    -61.6818     1.05132 
    5.34375     95.4629    -62.6381    0.959027 
    5.12305     97.0406    -64.5366    0.789782 
     4.7998     99.3913    -67.3737    0.570799 
    4.47656      101.79    -70.2795    0.386532 
    4.25635     103.457    -72.3038    0.280895 
    4.14355     104.316      -73.35    0.233269 
